Year,Number of infant deaths,Number of under-five deaths
1960,1056,1348
1961,1027,1313
1962,1011,1291
1963,994,1268
1964,963,1231
1965,931,1194
1966,900,1160
1967,870,1126
1968,846,1098
1969,831,1079
1970,817,1064
1971,805,1049
1972,788,1031
1973,770,1010
1974,757,992
1975,757,987
1976,763,988
1977,760,980
1978,751,969
1979,739,955
1980,722,935
1981,702,913
1982,682,891
1983,663,869
1984,642,845
1985,614,815
1986,582,779
1987,555,747
1988,532,718
1989,509,688
1990,487,660
1991,465,632
1992,442,604
1993,420,576
1994,400,550
1995,384,530
1996,373,513
1997,362,497
1998,351,483
1999,344,473
2000,340,467
2001,340,465
2002,345,469
2003,352,475
2004,358,483
2005,364,490
2006,370,496
2007,372,498
2008,367,491
2009,356,476
2010,343,457
2011,328,437
2012,318,420
2013,313,410
2014,313,406
2015,316,407
2016,323,415
2017,334,427
2018,348,443
2019,365,462
2020,380,478
